# X Y Flux FWHM AR Sky Peak EC PA
525.29	703.86	860252.36	5.86	12.00	-0.00	15551.21	250.00	-53.27
482.11	449.50	655700.45	17.08	8.00	-0.00	14698.76	178.17	-43.00
692.43	464.47	453547.36	3.77	12.00	-0.00	15618.00	265.67	-33.85
402.72	463.48	433148.22	3.51	8.00	-0.00	14921.94	176.26	-49.01
61.39	42.82	401281.37	3.80	9.00	-0.00	15522.74	30.91	-34.90
426.42	424.95	347708.42	3.72	6.00	-0.00	15232.00	218.39	-44.90
174.68	336.81	281472.09	3.54	7.00	-0.00	15702.12	192.83	-62.59
258.98	217.93	269450.78	3.44	8.00	-0.00	15599.21	171.07	-40.08
333.65	488.66	250281.21	3.43	8.00	-0.00	15610.77	268.26	-55.68
548.38	782.35	247424.93	3.37	6.00	-0.00	15749.89	526.88	-54.97
764.13	335.37	233169.89	3.43	10.00	-0.00	15658.00	328.68	-23.70
604.41	44.26	231775.24	3.36	7.00	-0.00	15599.15	323.45	-4.19
269.91	705.93	228347.20	3.26	8.00	-0.00	15732.55	380.33	-69.08
540.17	70.67	218290.04	3.50	5.00	-0.00	15647.00	338.28	-7.45
343.09	693.43	212270.55	3.40	8.00	-0.00	15531.07	412.62	-63.67
708.09	507.37	194733.12	3.11	8.00	-0.00	15443.05	443.16	-35.62
200.39	420.86	193846.90	3.34	6.00	-0.00	15630.08	288.47	-64.54
402.30	681.53	153858.55	3.18	7.00	-0.00	15586.05	478.21	-59.45
456.31	436.04	145438.89	3.94	7.00	-0.00	12428.91	267.33	-43.70
504.89	363.83	142061.43	3.27	5.00	-0.00	15341.27	435.91	-35.78
453.19	422.24	141264.63	1.89	7.00	-0.00	14959.15	239.98	-42.98
652.42	763.22	129915.11	3.15	5.00	-0.00	15658.00	822.09	-49.48
732.89	112.22	127211.82	3.20	4.00	-0.00	15718.56	626.52	-8.71
482.57	409.46	125600.92	3.21	5.00	-0.00	13560.08	345.01	-40.32
735.96	12.48	124486.16	3.12	5.00	-0.00	15804.14	566.53	-0.97
348.25	429.14	117697.47	3.04	7.00	-0.00	15600.07	344.99	-50.94
672.00	647.86	116832.27	3.17	5.00	-0.00	15654.92	744.23	-43.95
531.72	26.74	116362.84	3.03	7.00	-0.00	15805.08	312.57	-2.88
210.17	540.02	113837.02	1.71	4.00	-0.00	10175.68	313.35	-68.73
598.15	592.90	108497.67	3.10	5.00	-0.00	15496.67	648.59	-44.75
582.84	408.96	107545.51	1.77	5.00	-0.00	13286.60	398.25	-35.06
516.07	470.02	104986.19	1.87	5.00	-0.00	14093.22	322.42	-42.33
199.24	76.15	103455.71	3.08	3.00	-0.00	15713.20	186.86	-20.92
502.16	437.99	103092.69	7.01	4.00	-0.00	13198.69	358.44	-41.10
409.99	292.42	101595.79	3.01	5.00	-0.00	15548.00	439.40	-35.50
602.48	704.99	101397.79	1.94	5.00	-0.00	15709.58	753.74	-49.48
153.29	454.53	101180.27	1.86	5.00	-0.00	15738.91	444.70	-71.36
368.57	509.09	100633.17	1.69	7.00	-0.00	14405.42	280.38	-54.10
216.95	272.06	100228.80	3.03	5.00	-0.00	15757.21	267.03	-51.43
744.19	548.63	100072.25	1.93	5.00	-0.00	15890.63	760.57	-36.40
370.26	90.99	97058.86	1.82	7.00	-0.00	15571.83	215.73	-13.81
722.88	746.26	94111.71	1.90	5.00	-0.00	15551.44	1036.18	-45.91
460.11	510.16	93271.17	1.86	4.00	-0.00	13684.69	493.46	-47.95
23.93	77.78	92798.86	1.95	5.00	-0.00	15426.49	66.14	-72.90
497.82	430.01	87603.52	3.45	4.00	-0.00	14144.57	406.59	-40.82
701.06	420.65	87034.16	1.91	3.00	-0.00	15529.11	870.12	-30.96
552.27	462.31	86209.52	1.80	5.00	-0.00	12089.05	381.22	-39.93
163.26	292.72	84896.19	1.71	6.00	-0.00	15584.00	249.80	-60.85
444.14	402.47	84509.92	1.72	4.00	-0.00	14373.00	335.34	-42.18
528.55	409.95	84313.39	1.63	5.00	-0.00	12471.46	322.49	-37.80
282.16	493.59	83099.16	1.65	5.00	-0.00	13570.50	409.48	-60.25
214.77	221.71	82950.19	1.84	4.00	-0.00	15776.64	335.40	-45.91
307.99	452.46	81745.41	1.80	6.00	-0.00	15610.90	467.36	-55.76
25.71	328.72	80236.63	1.59	6.00	-0.00	14543.85	213.76	-85.53
165.22	536.73	79582.30	1.71	5.00	-0.00	15619.12	447.83	-72.89
731.14	582.13	78536.02	1.78	5.00	-0.00	15722.60	752.45	-38.53
520.58	521.13	77915.76	1.41	6.00	-0.00	8935.45	323.14	-45.03
444.03	439.89	76435.82	1.68	5.00	-0.00	14641.52	351.64	-44.73
262.93	590.21	76204.14	1.61	5.00	-0.00	15528.62	600.35	-65.99
44.77	40.87	76174.36	1.79	4.00	-0.00	15748.38	66.28	-42.40
230.70	387.22	76098.51	1.50	5.00	-0.00	10939.28	250.94	-59.21
636.47	584.78	73367.50	1.71	4.00	-0.00	15622.80	948.85	-42.58
130.22	700.76	72926.12	1.75	4.00	-0.00	15489.00	799.23	-79.47
567.08	436.22	72733.94	1.55	4.00	-0.00	12890.71	448.88	-37.57
544.80	729.05	72092.17	1.73	4.00	-0.00	15752.16	945.20	-53.23
500.79	14.22	70200.04	1.71	4.00	-0.00	15445.79	509.98	-1.63
762.27	235.37	67495.85	1.65	6.00	-0.00	15251.39	662.69	-17.16
621.41	481.81	66940.51	1.69	4.00	-0.00	15305.49	880.84	-37.79
454.46	91.06	66806.57	1.69	4.00	-0.00	15313.69	507.73	-11.33
773.67	223.85	64219.42	1.60	7.00	-0.00	15597.08	520.42	-16.14
509.87	22.04	64169.99	1.64	4.00	-0.00	15822.39	511.19	-2.47
619.52	448.34	63156.58	1.62	6.00	-0.00	14708.33	600.54	-35.89
49.01	711.24	63030.50	1.64	5.00	-0.00	15472.55	642.74	-86.06
396.45	470.44	61882.23	1.77	4.00	-0.00	10090.65	450.73	-49.88
381.72	351.83	61173.42	1.61	5.00	-0.00	15623.51	469.74	-42.67
632.85	389.81	60411.40	1.61	4.00	-0.00	15636.90	779.77	-31.63
677.36	725.85	59730.02	1.53	5.00	-0.00	15485.38	935.86	-46.98
359.57	177.29	59503.68	1.60	5.00	-0.00	14600.79	354.45	-26.25
161.83	626.38	59276.19	1.63	3.00	-0.00	15183.48	850.69	-75.51
759.56	490.82	58604.41	1.60	4.00	-0.00	15115.46	1033.47	-32.87
738.05	258.19	58176.26	1.61	4.00	-0.00	15581.96	917.02	-19.28
446.62	454.10	57960.10	1.98	4.00	-0.00	15116.61	457.05	-45.48
765.12	264.61	57807.17	1.59	4.00	-0.00	15261.44	870.13	-19.08
279.85	725.13	56702.56	1.58	4.00	-0.00	15597.79	818.99	-68.90
436.24	117.82	56451.42	1.58	4.00	-0.00	15341.95	483.03	-15.11
541.59	125.24	55789.55	1.62	4.00	-0.00	14960.69	616.97	-13.02
257.01	650.05	54850.51	1.53	6.00	-0.00	15692.83	510.37	-68.43
695.60	766.51	53963.67	1.55	6.00	-0.00	14192.65	783.74	-47.78
642.96	479.18	53870.87	1.59	4.00	-0.00	15592.32	926.87	-36.70
438.10	451.32	53115.55	1.56	5.00	-0.00	12004.14	411.65	-45.85
232.76	651.23	52777.57	1.58	4.00	-0.00	15248.10	818.73	-70.33
72.86	562.06	51762.20	1.50	7.00	-0.00	14984.46	323.87	-82.61
181.16	472.24	51394.04	1.57	3.00	-0.00	15632.33	662.15	-69.01
776.21	403.31	51310.50	1.56	5.00	-0.00	14997.76	883.24	-27.46
480.48	646.67	51213.19	1.30	5.00	-0.00	8132.12	480.43	-53.39
612.74	109.44	51171.35	1.56	4.00	-0.00	14406.21	703.01	-10.13
756.51	251.58	49679.32	1.54	4.00	-0.00	14508.29	1018.49	-18.39
583.69	438.81	49295.70	1.49	5.00	-0.00	12518.29	499.90	-36.94
465.42	200.32	49105.77	1.55	5.00	-0.00	13848.91	493.84	-23.29
384.68	414.92	49039.55	1.56	3.00	-0.00	15474.16	763.56	-47.17
702.82	161.91	49017.87	1.54	4.00	-0.00	15697.59	799.73	-12.97
241.92	184.48	48783.41	1.50	6.00	-0.00	14382.90	237.59	-37.33
268.90	442.52	48546.14	1.54	3.00	-0.00	14758.60	727.78	-58.72
462.68	128.92	48531.88	1.56	4.00	-0.00	15187.28	553.56	-15.57
457.78	400.02	48315.57	1.66	3.00	-0.00	10928.56	486.90	-41.15
144.93	610.33	48285.00	1.53	5.00	-0.00	15137.02	693.90	-76.64
465.35	93.13	47825.14	1.49	6.00	-0.00	14331.04	329.36	-11.32
617.61	597.45	47786.34	1.54	4.00	-0.00	13822.85	1015.28	-44.05
741.62	342.80	47301.66	1.53	4.00	-0.00	14634.14	878.99	-24.81
10.16	680.81	47290.15	1.50	5.00	-0.00	15343.58	603.97	-89.14
65.66	768.67	46815.23	1.54	4.00	-0.00	14895.73	1061.73	-85.12
797.67	462.37	46260.23	1.71	4.00	-0.00	15360.91	992.58	-30.10
254.46	61.01	46068.72	1.57	3.00	-0.00	13417.50	336.14	-13.48
480.16	380.78	45675.33	1.63	3.00	-0.00	14971.71	672.24	-38.42
240.78	761.55	45504.12	1.53	4.00	-0.00	14550.13	1101.61	-72.45
478.65	466.96	44899.48	3.52	4.00	-0.00	14925.54	510.02	-44.29
753.25	540.29	44807.21	1.52	4.00	-0.00	14840.71	1195.09	-35.65
325.81	784.42	44107.06	1.52	4.00	-0.00	14417.82	995.16	-67.44
455.21	171.16	44015.77	1.53	3.00	-0.00	15078.06	643.87	-20.61
525.11	466.83	43648.41	1.77	3.00	-0.00	15348.75	763.98	-41.64
350.39	483.10	43394.15	1.52	4.00	-0.00	14940.85	671.00	-54.05
387.91	162.32	43356.95	1.51	3.00	-0.00	15287.15	510.77	-22.71
21.64	114.76	43226.23	1.51	4.00	-0.00	14781.64	117.11	-79.32
699.30	168.22	42731.31	1.52	4.00	-0.00	14685.64	917.84	-13.53
517.96	390.80	42700.98	1.62	3.00	-0.00	15212.81	634.59	-37.03
419.03	387.86	42443.46	1.51	4.00	-0.00	15294.12	713.07	-42.79
649.43	209.84	42367.67	1.49	4.00	-0.00	12282.31	533.05	-17.91
0.61	500.90	42211.20	1.56	4.00	-0.00	15582.56	402.48	-89.93
2.59	218.08	40885.42	1.57	3.00	-0.00	12328.29	396.49	-89.32
232.48	773.28	40744.21	1.49	4.00	-0.00	12783.25	990.03	-73.27
5.07	85.70	40374.35	1.49	4.00	-0.00	14717.73	102.59	-86.61
437.74	410.41	40320.25	1.52	4.00	-0.00	9857.76	424.07	-43.15
532.51	552.30	40148.95	1.54	3.00	-0.00	14030.67	1180.70	-46.04
782.18	204.74	40056.21	1.49	4.00	-0.00	15316.21	1078.64	-14.67
503.96	374.44	39967.03	1.48	4.00	-0.00	10445.33	403.72	-36.61
295.59	703.85	39626.97	1.49	4.00	-0.00	14371.99	1213.14	-67.22
337.60	88.58	39460.30	1.50	3.00	-0.00	12964.38	478.73	-14.70
435.22	16.93	39301.97	1.45	4.00	-0.00	10093.89	393.47	-2.23
681.98	247.04	39268.90	1.48	3.00	-0.00	15226.75	957.84	-19.91
728.59	101.85	39235.47	1.49	3.00	-0.00	14901.75	948.83	-7.96
487.48	677.77	39190.76	1.34	8.00	-0.00	11544.54	288.58	-54.27
610.09	287.24	39112.81	1.48	4.00	-0.00	15176.79	733.16	-25.21
664.04	617.62	39025.78	1.48	4.00	-0.00	14546.49	1134.57	-42.93
527.05	419.99	38893.07	1.72	4.00	-0.00	10908.94	391.55	-38.55
565.93	130.63	38801.15	1.47	5.00	-0.00	14397.70	599.19	-13.00
588.09	764.53	38526.35	1.46	4.00	-0.00	13424.93	962.84	-52.43
358.72	513.93	38209.21	1.48	4.00	-0.00	15150.26	799.62	-55.09
479.60	420.93	38146.27	3.17	4.00	-0.00	10920.63	364.77	-41.27
452.92	596.00	37985.65	1.45	5.00	-0.00	14870.70	682.47	-52.77
501.13	292.87	37617.10	1.48	4.00	-0.00	14770.47	729.75	-30.30
688.40	449.73	37510.16	1.47	4.00	-0.00	13557.94	939.76	-33.16
130.20	103.95	37502.56	1.49	3.00	-0.00	15524.51	257.97	-38.60
454.27	225.13	37211.00	1.49	4.00	-0.00	14560.19	609.03	-26.36
121.40	586.37	37002.61	1.46	3.00	-0.00	12733.99	788.43	-78.30
566.12	396.80	36447.74	1.54	3.00	-0.00	15357.07	809.13	-35.03
415.73	42.76	36417.28	1.48	3.00	-0.00	15137.67	609.73	-5.87
209.82	738.92	36014.98	1.44	3.00	-0.00	14381.72	1056.08	-74.15
448.35	220.28	35960.35	1.45	4.00	-0.00	14138.67	532.35	-26.17
122.32	466.39	35815.57	1.46	3.00	-0.00	11511.63	681.95	-75.30
88.83	713.48	35473.33	1.45	4.00	-0.00	13107.00	876.06	-82.90
251.37	98.45	35097.94	1.48	4.00	-0.00	12745.99	403.11	-21.39
585.23	530.54	34985.22	1.45	3.00	-0.00	14327.45	910.31	-42.19
116.40	459.21	34814.43	1.46	4.00	-0.00	13416.00	645.40	-75.78
244.34	75.14	34654.09	1.45	4.00	-0.00	14991.95	279.26	-17.09
83.66	371.47	34450.81	1.47	4.00	-0.00	12910.29	577.82	-77.31
249.29	340.61	34412.80	1.47	3.00	-0.00	13336.42	628.41	-53.80
119.79	611.17	34349.78	1.45	5.00	-0.00	14328.15	652.18	-78.91
175.72	66.40	34333.30	1.47	3.00	-0.00	14028.57	315.72	-20.70
505.70	564.27	34219.17	1.34	7.00	-0.00	10102.57	385.71	-48.13
463.10	378.82	34146.63	1.50	4.00	-0.00	14622.52	704.72	-39.28
413.71	437.00	33871.88	1.21	4.00	-0.00	7573.67	362.39	-46.57
485.95	238.16	33807.75	1.44	4.00	-0.00	15125.14	599.75	-26.11
438.67	521.25	33645.22	1.47	3.00	-0.00	13834.94	963.44	-49.92
534.46	291.74	33627.29	1.43	6.00	-0.00	12547.60	452.52	-28.63
240.71	314.82	33443.08	1.41	7.00	-0.00	13453.86	207.55	-52.60
475.80	537.61	33167.73	1.46	3.00	-0.00	14372.67	1070.29	-48.49
755.98	157.21	33034.03	1.44	4.00	-0.00	14629.65	885.40	-11.75
444.76	500.58	32947.75	1.35	4.00	-0.00	8010.57	477.20	-48.38
332.83	237.83	32730.89	1.46	3.00	-0.00	15192.21	625.22	-35.55
136.74	39.18	32700.94	1.44	4.00	-0.00	13909.86	141.11	-15.99
773.94	105.08	32608.37	1.44	4.00	-0.00	15124.32	742.82	-7.73
618.10	673.87	32565.05	1.45	3.00	-0.00	15197.94	1383.79	-47.47
74.42	614.66	32332.54	1.45	3.00	-0.00	13536.74	958.51	-83.10
757.45	550.61	32300.59	1.45	3.00	-0.00	12093.20	1636.13	-36.01
568.31	685.14	32013.83	1.45	3.00	-0.00	14242.00	1344.98	-50.33
791.68	318.45	31826.93	1.43	4.00	-0.00	11364.54	896.08	-21.91
288.64	720.32	31347.54	1.43	4.00	-0.00	12398.01	1034.25	-68.16
96.93	434.17	30903.44	1.44	3.00	-0.00	15113.38	673.78	-77.41
411.25	666.88	30886.40	1.44	3.00	-0.00	14224.38	1058.81	-58.34
374.98	173.99	30752.81	1.44	3.00	-0.00	15020.42	550.36	-24.89
641.30	386.96	30749.30	1.43	4.00	-0.00	12883.66	818.75	-31.11
536.00	486.03	30726.43	1.45	4.00	-0.00	12156.26	602.72	-42.20
47.43	254.36	30628.60	1.45	3.00	-0.00	11854.57	429.98	-79.44
600.13	710.93	30456.23	1.43	4.00	-0.00	14759.47	1129.25	-49.83
675.29	171.83	30300.65	1.45	3.00	-0.00	14391.47	1091.05	-14.28
520.16	498.54	30126.11	1.43	4.00	-0.00	9212.05	647.90	-43.78
552.57	423.63	30048.62	1.45	5.00	-0.00	13721.80	575.65	-37.48
400.93	673.12	30013.61	1.44	3.00	-0.00	14978.72	1209.35	-59.22
486.90	488.95	30002.08	1.71	3.00	-0.00	12782.05	628.85	-45.12
768.42	401.38	29996.66	1.42	3.00	-0.00	11372.41	1305.37	-27.58
563.23	358.75	29964.33	1.46	3.00	-0.00	14416.15	1063.77	-32.50
531.52	305.43	29903.28	1.34	5.00	-0.00	10995.92	427.40	-29.88
628.63	57.98	29877.29	1.44	3.00	-0.00	14083.81	965.65	-5.27
428.95	484.58	29826.02	1.44	4.00	-0.00	10967.12	526.02	-48.48
124.99	380.45	29723.95	1.42	4.00	-0.00	12738.21	464.81	-71.81
335.74	672.73	29613.95	1.41	4.00	-0.00	13579.69	919.16	-63.48
650.65	262.73	29579.11	1.43	4.00	-0.00	12385.64	1073.27	-21.99
774.36	277.91	29417.29	1.43	4.00	-0.00	13162.82	1045.53	-19.74
766.56	126.23	29389.76	1.43	3.00	-0.00	12441.08	1130.01	-9.35
441.18	419.19	29354.49	1.61	3.00	-0.00	11624.79	563.41	-43.54
240.82	3.09	29342.29	1.41	3.00	-0.00	14104.57	296.61	-0.74
683.19	704.20	29195.69	1.42	4.00	-0.00	13885.13	1237.75	-45.87
156.91	747.45	29157.17	1.42	3.00	-0.00	13240.12	1180.62	-78.14
208.21	401.60	29051.64	1.43	4.00	-0.00	14232.23	672.07	-62.60
371.18	570.98	28952.49	1.33	5.00	-0.00	11391.98	392.89	-56.97
399.93	114.97	28948.97	1.44	3.00	-0.00	14978.12	667.60	-16.04
74.24	112.43	28935.25	1.44	3.00	-0.00	12581.80	204.80	-56.56
522.92	55.50	28721.63	1.43	3.00	-0.00	12655.87	795.24	-6.06
555.56	632.29	28709.36	1.40	4.00	-0.00	12315.31	851.23	-48.70
225.35	303.96	28651.35	1.43	3.00	-0.00	13644.96	516.56	-53.45
162.71	141.63	28519.76	1.42	4.00	-0.00	12156.17	265.85	-41.04
303.42	562.62	28483.40	1.38	5.00	-0.00	12482.55	466.27	-61.66
223.15	530.05	28406.57	1.42	3.00	-0.00	14658.97	781.80	-67.17
81.64	264.33	28336.01	1.40	5.00	-0.00	11529.10	276.86	-72.84
547.84	469.18	28316.66	1.32	4.00	-0.00	8416.76	444.62	-40.58
117.76	697.96	27972.00	1.40	5.00	-0.00	14176.01	544.01	-80.42
441.74	621.30	27847.35	1.42	3.00	-0.00	13380.13	1058.85	-54.59
344.88	576.96	27834.65	1.42	3.00	-0.00	14903.85	996.01	-59.13
182.27	179.84	27405.66	1.39	5.00	-0.00	12167.00	211.00	-44.62
211.07	358.27	27357.76	1.41	4.00	-0.00	13618.90	460.61	-59.50
212.94	748.68	27230.55	1.42	3.00	-0.00	14023.02	1176.96	-74.12
720.78	436.96	27223.10	1.35	6.00	-0.00	12477.99	401.34	-31.23
796.33	746.58	27206.77	1.38	3.00	-0.00	10759.58	1473.85	-43.15
517.90	61.69	27057.79	1.36	5.00	-0.00	11851.79	368.43	-6.79
444.70	262.32	27048.27	1.40	4.00	-0.00	12945.27	600.75	-30.54
584.89	162.87	26974.10	1.43	3.00	-0.00	14727.58	961.87	-15.56
460.85	365.25	26755.17	1.40	5.00	-0.00	13640.07	513.90	-38.40
527.61	607.66	26722.10	1.43	3.00	-0.00	13092.89	1608.36	-49.03
196.80	778.71	26542.46	1.41	3.00	-0.00	14049.12	1155.01	-75.82
545.36	788.94	26483.82	1.41	3.00	-0.00	13833.96	1263.28	-55.35
47.86	797.83	26210.22	1.47	4.00	-0.00	14930.16	1037.19	-86.57
312.89	481.32	26174.10	1.24	5.00	-0.00	8312.64	427.41	-56.97
659.89	565.15	26016.85	1.42	3.00	-0.00	14029.20	1355.64	-40.58
225.15	432.57	25986.63	1.37	4.00	-0.00	11285.52	512.34	-62.50
354.91	731.15	25873.51	1.40	4.00	-0.00	14345.19	1033.78	-64.11
546.80	557.98	25762.85	1.23	4.00	-0.00	8049.94	550.66	-45.58
392.18	482.75	25616.23	1.06	4.00	-0.00	6865.48	394.83	-50.91
754.29	358.61	25470.07	1.34	4.00	-0.00	9462.08	951.86	-25.43
568.70	341.36	25431.23	1.42	3.00	-0.00	12723.19	1200.53	-30.97
239.45	116.05	25353.59	1.41	3.00	-0.00	12459.03	444.69	-25.86
759.58	618.52	25351.85	1.13	6.00	-0.00	7602.47	374.25	-39.16
539.06	138.99	25200.22	1.41	4.00	-0.00	14510.96	740.31	-14.46
364.09	610.30	25133.44	1.39	5.00	-0.00	13129.80	688.67	-59.18
512.22	394.05	25066.78	1.59	3.00	-0.00	11214.22	520.17	-37.57
416.96	528.29	25065.16	1.38	4.00	-0.00	11568.75	578.54	-51.72
175.59	35.78	25042.51	1.42	3.00	-0.00	12774.70	333.87	-11.52
130.86	768.48	24914.85	1.39	3.00	-0.00	12221.79	1220.69	-80.34
316.76	594.96	24911.06	1.39	4.00	-0.00	13871.77	844.21	-61.97
605.83	14.47	24881.76	1.37	4.00	-0.00	11841.40	685.68	-1.37
338.80	42.20	24876.40	1.40	3.00	-0.00	13022.68	515.34	-7.10
731.92	153.01	24801.68	1.38	5.00	-0.00	13019.91	640.71	-11.81
219.85	250.07	24720.62	1.40	3.00	-0.00	14128.41	495.53	-48.68
303.37	26.14	24698.80	1.35	4.00	-0.00	10467.82	310.31	-4.92
319.18	588.17	24416.45	1.41	3.00	-0.00	14228.40	1139.85	-61.51
652.86	538.61	24387.74	1.40	3.00	-0.00	12488.88	1504.94	-39.52
446.29	703.80	24198.35	1.38	3.00	-0.00	12728.54	1239.27	-57.62
792.80	782.04	24043.49	1.38	4.00	-0.00	13816.58	1097.53	-44.61
27.91	298.80	24040.20	1.14	6.00	-0.00	7520.65	152.64	-84.66
749.50	477.98	24008.50	1.37	4.00	-0.00	11766.92	1072.14	-32.53
752.09	116.65	23968.87	1.28	6.00	-0.00	9628.92	395.71	-8.82
42.99	286.08	23945.29	1.32	5.00	-0.00	10821.73	169.41	-81.45
365.76	355.87	23903.15	1.36	3.00	-0.00	11375.06	582.50	-44.21
768.08	182.24	23879.04	1.35	5.00	-0.00	12011.98	562.21	-13.35
282.94	523.93	23848.86	1.34	4.00	-0.00	11546.91	593.15	-61.63
233.99	63.62	23807.43	1.27	4.00	-0.00	8774.56	190.36	-15.21
513.98	257.62	23785.31	1.38	3.00	-0.00	12201.59	883.88	-26.62
513.46	765.04	23696.38	1.38	3.00	-0.00	11596.66	1344.20	-56.13
674.59	227.62	23688.17	1.36	3.00	-0.00	10483.43	905.48	-18.65
14.40	161.36	23674.30	1.29	5.00	-0.00	9829.27	102.89	-84.90
167.99	110.83	23616.63	1.40	3.00	-0.00	14329.58	255.11	-33.42
283.28	751.93	23511.82	1.34	5.00	-0.00	11109.71	645.08	-69.36
548.84	369.39	23463.53	1.39	4.00	-0.00	12676.52	571.08	-33.94
653.37	174.46	23449.56	1.36	3.00	-0.00	9764.70	1103.33	-14.95
732.59	300.49	23190.77	1.31	3.00	-0.00	8981.35	1098.57	-22.30
697.83	529.82	23112.43	1.38	4.00	-0.00	12892.47	1004.92	-37.21
627.97	515.61	22926.63	1.23	4.00	-0.00	8280.38	821.90	-39.39
206.20	156.14	22851.74	1.40	3.00	-0.00	13935.16	365.33	-37.13
375.95	452.72	22842.28	1.39	4.00	-0.00	13415.92	834.40	-50.29
733.04	215.21	22768.41	1.39	3.00	-0.00	13275.63	1046.66	-16.36
86.29	405.84	22625.21	1.39	3.00	-0.00	13378.88	580.83	-78.00
240.37	709.74	22595.39	1.35	5.00	-0.00	11573.61	531.79	-71.29
384.47	306.34	22569.98	1.36	3.00	-0.00	10096.53	809.51	-38.55
313.59	14.45	22507.96	1.32	3.00	-0.00	9058.32	531.36	-2.64
184.21	167.20	22491.33	1.23	4.00	-0.00	8107.57	219.36	-42.23
275.76	609.64	22443.45	1.36	3.00	-0.00	11235.57	1113.46	-65.66
165.88	261.77	22228.80	1.40	3.00	-0.00	13390.54	560.33	-57.64
104.17	640.35	22170.77	1.34	3.00	-0.00	10463.16	801.37	-80.76
460.01	207.68	22125.04	1.34	4.00	-0.00	11704.91	350.51	-24.30
170.82	73.92	22108.01	1.39	3.00	-0.00	13439.25	287.43	-23.40
239.02	612.38	22093.28	1.35	4.00	-0.00	11885.18	611.70	-68.68
450.97	325.24	21999.17	1.38	4.00	-0.00	13581.45	575.33	-35.80
367.25	165.99	21983.38	1.38	3.00	-0.00	13079.60	510.26	-24.32
643.33	42.88	21899.40	1.19	5.00	-0.00	8115.20	384.38	-3.81
135.19	629.83	21868.27	1.37	3.00	-0.00	12799.66	1024.34	-77.89
106.88	340.32	21825.70	1.37	3.00	-0.00	11928.51	473.24	-72.56
357.99	483.38	21822.25	1.35	4.00	-0.00	10577.79	631.41	-53.48
524.17	478.22	21812.36	1.54	4.00	-0.00	10492.86	671.14	-42.38
586.29	262.18	21708.86	1.37	3.00	-0.00	12335.62	990.04	-24.09
511.75	37.99	21700.48	1.38	3.00	-0.00	13292.93	714.47	-4.25
213.00	407.40	21665.46	1.38	3.00	-0.00	12470.60	813.86	-62.40
76.31	380.96	21569.66	1.37	3.00	-0.00	12637.05	469.49	-78.67
589.93	538.29	21559.81	1.35	4.00	-0.00	11262.96	784.97	-42.38
609.37	784.09	21407.61	1.37	3.00	-0.00	12706.22	1484.28	-52.15
46.04	112.81	21285.48	1.36	4.00	-0.00	11980.14	116.88	-67.80
44.27	100.54	21168.05	1.35	4.00	-0.00	10657.09	144.07	-66.24
532.30	467.28	21081.58	1.54	3.00	-0.00	12239.70	891.94	-41.28
252.35	169.98	21069.07	1.39	3.00	-0.00	13266.24	523.26	-33.96
597.03	121.71	20998.72	1.30	4.00	-0.00	10074.85	478.52	-11.52
511.98	645.04	20974.75	1.38	3.00	-0.00	14074.36	1192.89	-51.56
236.80	43.60	20944.74	1.29	5.00	-0.00	9750.61	158.64	-10.43
69.84	544.64	20883.45	1.37	3.00	-0.00	12415.75	1069.91	-82.69
171.21	205.25	20865.37	1.39	3.00	-0.00	13326.77	484.78	-50.17
360.70	747.94	20729.46	1.01	5.00	-0.00	6681.81	544.25	-64.25
240.07	130.76	20456.29	1.37	3.00	-0.00	12279.46	394.73	-28.58
458.23	356.93	20433.60	1.35	4.00	-0.00	11375.32	588.03	-37.92
757.05	708.99	20386.31	1.38	3.00	-0.00	14008.29	1453.74	-43.12
36.07	619.90	20366.28	1.36	4.00	-0.00	12828.05	663.79	-86.67
559.01	511.73	20347.63	1.12	3.00	-0.00	7085.67	780.61	-42.47
66.74	634.70	20274.72	1.36	3.00	-0.00	11869.06	956.23	-84.00
14.86	543.90	20196.11	1.38	3.00	-0.00	13838.65	1006.58	-88.43
554.39	219.46	20117.68	1.29	4.00	-0.00	8901.96	885.68	-21.60
300.17	671.81	20099.66	1.34	3.00	-0.00	11396.71	1001.85	-65.92
509.74	603.61	20029.05	1.33	3.00	-0.00	10557.78	1151.51	-49.82
5.01	578.73	20022.61	1.32	4.00	-0.00	10968.75	479.64	-89.50
90.12	645.66	19976.49	1.24	5.00	-0.00	8708.24	424.89	-82.05
184.03	298.40	19936.36	1.33	3.00	-0.00	10371.36	455.86	-58.34
570.72	353.85	19922.60	1.10	4.00	-0.00	7169.08	441.60	-31.80
397.74	450.71	19846.36	1.39	3.00	-0.00	11811.77	876.04	-48.57
290.83	326.89	19824.09	1.36	3.00	-0.00	12561.83	594.01	-48.34
93.58	731.21	19757.14	1.33	3.00	-0.00	10329.59	1193.45	-82.71
182.15	770.34	19756.44	1.31	4.00	-0.00	10464.10	931.15	-76.70
470.23	617.51	19726.47	1.30	5.00	-0.00	10019.18	655.93	-52.71
526.86	744.86	19720.88	1.37	3.00	-0.00	12948.64	1494.88	-54.73
771.60	85.47	19695.94	1.32	3.00	-0.00	9654.17	1294.56	-6.32
597.75	411.30	19672.57	1.37	3.00	-0.00	11875.83	1479.29	-34.53
37.23	308.06	19660.87	1.38	3.00	-0.00	13410.77	563.88	-83.11
495.95	403.46	19561.65	1.57	3.00	-0.00	9862.89	937.55	-39.13
263.19	672.73	19508.28	1.33	3.00	-0.00	10912.26	997.61	-68.63
588.15	471.68	19489.61	1.07	5.00	-0.00	7003.23	569.77	-38.73
30.69	497.09	19402.02	1.25	4.00	-0.00	8956.63	450.17	-86.47
415.06	407.00	19365.93	1.40	4.00	-0.00	13815.55	976.09	-44.44
87.21	190.77	19365.67	1.34	4.00	-0.00	11898.36	197.17	-65.43
530.96	473.03	19340.91	1.45	3.00	-0.00	9892.65	698.08	-41.70
319.23	81.27	19201.28	1.37	3.00	-0.00	12833.38	521.55	-14.28
234.99	372.39	18979.47	1.30	4.00	-0.00	9888.17	525.58	-57.75
549.68	745.07	18895.35	1.35	3.00	-0.00	11935.38	1600.94	-53.58
134.12	779.93	18809.85	1.37	3.00	-0.00	13597.02	1364.74	-80.24
740.29	778.14	18794.57	1.30	4.00	-0.00	10345.40	1052.25	-46.43
779.35	410.28	18791.85	1.26	4.00	-0.00	8947.52	958.23	-27.76
558.73	529.41	18768.61	1.32	3.00	-0.00	9426.15	1096.78	-43.46
123.85	698.95	18700.04	1.35	4.00	-0.00	12288.87	793.67	-79.95
660.83	491.96	18649.87	1.36	3.00	-0.00	13008.04	1164.24	-36.67
532.71	507.18	18554.67	1.16	4.00	-0.00	7578.11	680.55	-43.59
146.60	732.24	18498.24	1.26	3.00	-0.00	8764.16	1129.67	-78.68
509.48	432.47	18439.53	1.88	3.00	-0.00	9159.29	586.84	-40.33
152.88	570.30	18414.21	1.34	3.00	-0.00	11528.23	920.30	-74.99
582.05	287.85	18413.09	1.38	3.00	-0.00	13592.86	1067.98	-26.31
677.96	133.19	18360.60	1.27	4.00	-0.00	9221.37	697.85	-11.11
634.94	34.46	18354.03	1.25	4.00	-0.00	8976.38	638.21	-3.11
531.75	332.70	18337.52	1.34	3.00	-0.00	11096.97	878.09	-32.03
233.05	609.87	18317.62	1.23	4.00	-0.00	8739.54	542.51	-69.09
640.85	320.60	18295.59	1.33	3.00	-0.00	11134.82	958.07	-26.58
646.98	775.08	18166.36	1.37	3.00	-0.00	13837.32	1801.97	-50.15
77.23	320.90	18163.66	1.36	3.00	-0.00	12925.23	461.75	-76.47
2.41	303.06	18011.58	1.32	3.00	-0.00	10845.27	387.60	-89.54
326.38	78.25	17940.90	1.28	4.00	-0.00	9508.49	346.78	-13.48
561.96	598.07	17838.52	1.36	3.00	-0.00	12836.99	1196.75	-46.78
277.97	759.72	17576.82	1.22	4.00	-0.00	8417.52	896.33	-69.90
563.79	155.76	17551.05	1.35	3.00	-0.00	12364.80	642.67	-15.44
554.83	242.31	17532.23	1.31	3.00	-0.00	10344.63	827.49	-23.59
308.88	496.18	17491.51	1.22	5.00	-0.00	8652.53	372.60	-58.10
742.18	766.95	17448.26	1.35	4.00	-0.00	13307.06	1240.28	-45.94
622.10	559.90	17414.02	1.35	4.00	-0.00	12843.64	950.60	-41.99
180.07	636.20	17375.39	1.35	3.00	-0.00	12737.94	919.52	-74.20
567.63	495.31	17367.38	1.34	3.00	-0.00	10134.27	1414.21	-41.11
173.95	371.09	17220.79	1.12	4.00	-0.00	7349.80	343.93	-64.88
325.76	156.78	17005.59	1.29	3.00	-0.00	9722.12	509.93	-25.70
522.63	410.99	16993.22	1.56	3.00	-0.00	12302.02	912.65	-38.18
479.86	263.04	16989.22	1.35	4.00	-0.00	13142.33	521.24	-28.73
137.03	184.20	16959.12	1.27	4.00	-0.00	9500.90	191.87	-53.35
351.45	3.34	16871.24	1.24	3.00	-0.00	8503.34	413.86	-0.54
339.32	69.54	16789.27	1.22	3.00	-0.00	8124.16	512.55	-11.58
198.10	58.11	16741.50	1.37	3.00	-0.00	13366.61	390.34	-16.35
759.33	738.31	16738.50	1.32	3.00	-0.00	10641.12	2028.33	-44.20
762.25	44.60	16732.95	1.05	4.00	-0.00	6891.19	662.33	-3.35
44.98	418.05	16694.14	1.36	3.00	-0.00	13235.97	720.29	-83.86
758.22	517.74	16684.43	1.26	4.00	-0.00	9166.04	852.16	-34.33
431.06	773.25	16649.79	1.32	3.00	-0.00	10934.64	1385.45	-60.86
719.06	306.24	16625.33	1.30	3.00	-0.00	10303.53	1089.71	-23.07
652.25	257.62	16538.87	1.31	3.00	-0.00	10480.65	976.16	-21.55
778.05	257.56	16471.67	1.29	3.00	-0.00	9845.09	1336.58	-18.32
180.45	130.12	16172.45	1.26	4.00	-0.00	9131.00	231.41	-35.80
102.98	633.32	16068.64	1.33	3.00	-0.00	11331.54	1062.85	-80.76
248.81	502.72	16053.28	1.30	4.00	-0.00	10332.80	668.13	-63.67
144.66	215.97	16009.68	1.30	3.00	-0.00	10193.80	312.83	-56.18
600.20	58.75	15997.81	1.12	5.00	-0.00	7469.49	354.67	-5.59
602.58	418.11	15901.61	1.11	4.00	-0.00	7346.53	570.13	-34.76
167.68	249.78	15879.09	1.21	3.00	-0.00	8286.13	356.58	-56.13
569.89	579.96	15805.08	1.11	4.00	-0.00	7411.25	604.32	-45.50
206.54	319.22	15723.77	1.21	4.00	-0.00	8329.20	343.19	-57.10
211.99	377.01	15719.34	1.34	4.00	-0.00	12486.07	718.27	-60.65
460.17	268.91	15665.41	1.31	3.00	-0.00	10667.51	683.67	-30.30
493.65	218.62	15635.91	1.18	4.00	-0.00	7948.46	487.45	-23.89
548.63	85.08	15631.97	1.12	4.00	-0.00	7363.86	426.68	-8.82
250.08	514.44	15600.90	1.14	4.00	-0.00	7579.60	507.45	-64.07
365.71	323.99	15587.27	1.15	4.00	-0.00	7826.19	339.73	-41.54
250.84	383.21	15558.80	1.30	3.00	-0.00	10313.33	558.62	-56.79
209.66	167.73	15286.15	1.19	3.00	-0.00	7996.31	306.93	-38.66
513.12	119.91	15279.10	1.27	3.00	-0.00	9543.28	779.93	-13.15
67.22	611.17	15239.91	1.29	3.00	-0.00	9802.48	1182.03	-83.72
156.73	544.10	15215.68	1.26	3.00	-0.00	9359.47	765.44	-73.93
348.41	609.00	15180.58	1.28	3.00	-0.00	9775.42	1002.60	-60.23
188.09	147.21	15115.72	1.26	3.00	-0.00	9239.29	291.60	-38.05
768.63	369.70	15015.38	1.28	3.00	-0.00	9602.36	1538.57	-25.69
1.37	698.08	14978.06	1.30	4.00	-0.00	10532.98	1038.23	-89.89
498.81	226.94	14862.94	1.31	3.00	-0.00	10598.04	784.21	-24.46
570.07	671.72	14832.74	1.25	4.00	-0.00	9028.96	881.14	-49.68
495.26	287.63	14813.11	1.27	3.00	-0.00	9155.72	923.44	-30.15
244.63	232.14	14781.21	1.28	3.00	-0.00	9576.58	521.83	-43.50
42.09	614.01	14729.87	1.33	4.00	-0.00	12124.78	799.80	-86.08
207.95	717.02	14568.77	1.33	3.00	-0.00	11869.85	1201.24	-73.83
214.72	157.07	14541.42	1.27	3.00	-0.00	9612.75	319.95	-36.19
682.27	641.20	14520.72	1.22	3.00	-0.00	8532.43	1444.62	-43.22
425.88	796.10	14496.71	1.19	4.00	-0.00	8389.54	783.49	-61.85
425.08	232.09	14474.09	1.31	3.00	-0.00	11013.23	643.62	-28.63
288.34	727.53	14394.37	1.10	3.00	-0.00	7171.48	978.97	-68.38
485.88	568.98	14385.66	1.27	3.00	-0.00	9811.28	906.82	-49.50
305.72	13.08	14384.06	1.11	5.00	-0.00	7399.26	178.66	-2.45
703.30	596.77	14290.46	1.25	4.00	-0.00	9371.66	769.64	-40.32
410.69	255.68	14236.80	1.25	3.00	-0.00	8902.05	697.86	-31.90
796.05	475.61	14224.36	1.31	3.00	-0.00	10761.57	1543.52	-30.86
83.92	620.16	14223.25	1.30	4.00	-0.00	10864.30	671.31	-82.29
697.23	793.24	14142.03	1.29	3.00	-0.00	10496.11	1601.01	-48.69
412.68	586.70	14003.69	1.22	3.00	-0.00	8531.15	1056.62	-54.88
648.93	48.17	13900.91	1.22	4.00	-0.00	8633.46	555.11	-4.25
662.33	118.45	13815.21	1.13	4.00	-0.00	7477.44	673.74	-10.14
791.47	34.85	13755.23	1.26	3.00	-0.00	9388.25	1338.97	-2.52
115.72	797.03	13751.98	1.18	4.00	-0.00	8186.57	633.16	-81.74
33.74	30.60	13626.79	1.22	3.00	-0.00	8479.52	80.07	-42.21
600.84	456.75	13462.56	1.26	3.00	-0.00	9598.31	867.80	-37.24
521.54	505.67	13301.07	1.17	4.00	-0.00	7487.92	712.91	-44.11
243.54	504.09	13157.09	1.21	3.00	-0.00	8395.98	856.88	-64.21
719.95	60.09	13087.72	1.30	3.00	-0.00	10797.28	990.61	-4.77
219.14	90.21	12946.47	1.10	4.00	-0.00	7315.13	212.56	-22.38
271.29	158.95	12816.92	1.21	3.00	-0.00	8422.92	413.13	-30.37
25.78	125.20	12766.91	1.29	3.00	-0.00	10223.01	207.09	-78.36
568.59	504.53	12744.60	1.13	4.00	-0.00	7400.13	762.14	-41.58
676.13	457.91	12740.81	1.28	3.00	-0.00	10202.64	1102.35	-34.11
88.43	592.08	12711.74	1.19	3.00	-0.00	8266.52	703.00	-81.51
397.62	607.46	12579.05	1.12	3.00	-0.00	7454.62	870.98	-56.79
240.41	333.97	12535.27	1.19	3.00	-0.00	8171.02	556.24	-54.25
14.84	108.26	12277.16	1.08	4.00	-0.00	7126.91	99.79	-82.19
222.43	384.40	12238.61	1.06	3.00	-0.00	6981.33	741.39	-59.94
688.07	226.46	12226.56	1.01	4.00	-0.00	6706.39	666.32	-18.22
657.24	408.15	12182.67	1.24	3.00	-0.00	9357.57	923.51	-31.84
548.12	106.83	12150.48	1.20	3.00	-0.00	8303.87	703.63	-11.03
287.01	358.18	12077.96	1.26	3.00	-0.00	9574.31	646.78	-51.29
715.98	492.08	12051.14	1.26	3.00	-0.00	9701.45	1043.96	-34.50
388.26	658.23	12003.85	1.13	3.00	-0.00	7616.55	844.11	-59.47
30.11	555.35	11960.49	1.23	3.00	-0.00	8934.24	1185.29	-86.90
426.69	496.15	11920.92	1.10	3.00	-0.00	7182.09	708.95	-49.30
373.05	41.67	11906.41	1.00	3.00	-0.00	6660.46	372.93	-6.37
430.74	371.77	11902.89	1.16	3.00	-0.00	7868.90	1013.17	-40.80
659.91	487.09	11900.21	1.09	3.00	-0.00	7270.98	792.16	-36.43
707.34	390.70	11694.59	1.14	3.00	-0.00	7707.93	1045.84	-28.91
570.30	623.18	11637.07	1.18	3.00	-0.00	8169.55	1087.29	-47.54
212.88	111.98	11600.40	1.18	4.00	-0.00	8217.82	206.26	-27.74
437.19	507.02	11544.82	1.32	3.00	-0.00	10845.97	1448.50	-49.23
368.12	288.92	11499.73	1.26	3.00	-0.00	9551.13	735.53	-38.13
56.40	425.05	11403.55	1.13	3.00	-0.00	7554.45	601.98	-82.44
369.86	255.32	11391.02	1.07	3.00	-0.00	7026.73	473.97	-34.62
104.71	228.01	11211.18	1.15	4.00	-0.00	7834.25	263.11	-65.33
642.53	294.69	11181.77	1.01	4.00	-0.00	6716.56	909.70	-24.64
569.69	58.69	11089.53	1.13	3.00	-0.00	7479.48	683.97	-5.88
137.17	565.86	10858.86	1.17	3.00	-0.00	8155.83	806.89	-76.37
243.11	345.24	10811.29	1.10	3.00	-0.00	7300.56	501.49	-54.85
672.66	445.60	10622.87	1.18	3.00	-0.00	8153.06	1315.26	-33.52
402.61	537.19	10582.67	1.06	3.00	-0.00	6988.56	983.92	-53.15
48.59	365.77	10516.77	1.00	3.00	-0.00	6666.54	522.53	-82.43
550.43	435.87	10387.06	1.10	3.00	-0.00	7160.41	1091.21	-38.37
269.07	636.03	10055.61	1.24	3.00	-0.00	9334.49	1199.53	-67.07
499.33	714.06	9612.43	1.03	4.00	-0.00	6880.71	666.91	-55.04
515.81	787.08	8083.08	1.13	3.00	-0.00	7684.08	1383.13	-56.76
