# X Y Flux FWHM AR Sky Peak EC PA
443.06	653.80	891596.11	5.87	13.00	-0.00	15477.00	214.76	-55.88
399.80	399.98	871097.14	19.06	9.00	-0.00	14657.00	134.94	-45.01
483.48	338.40	447119.83	3.47	8.00	-0.00	15113.57	243.35	-34.99
319.55	414.05	423496.17	3.25	8.00	-0.00	14710.44	147.67	-52.34
263.88	774.66	391210.17	3.68	8.00	-0.00	15489.00	338.18	-71.19
609.28	413.68	386852.15	3.89	7.00	-0.00	15572.67	325.23	-34.17
343.42	374.92	295473.24	3.75	5.00	-0.00	15232.00	220.16	-47.51
91.44	287.35	292687.09	3.61	8.00	-0.00	15705.16	137.61	-72.35
175.44	168.48	276884.12	3.59	8.00	-0.00	15549.28	119.75	-43.84
250.82	438.97	257839.90	3.61	8.00	-0.00	15702.83	221.68	-60.26
466.17	731.94	248578.32	3.55	6.00	-0.00	15654.00	488.74	-57.51
187.57	656.31	244889.13	3.42	9.00	-0.00	15665.30	298.58	-74.05
418.53	388.00	232792.41	5.94	6.00	-0.00	13302.10	210.35	-42.83
680.81	284.57	229902.23	3.39	9.00	-0.00	15571.17	322.28	-22.68
260.76	643.57	220130.91	3.29	8.00	-0.00	15631.43	345.45	-67.94
456.19	20.44	213962.06	3.46	5.00	-0.00	15647.00	288.14	-2.57
117.33	371.41	194575.28	3.26	6.00	-0.00	15646.48	242.71	-72.47
341.68	794.45	188277.54	3.20	8.00	-0.00	15698.00	526.51	-66.73
625.25	456.74	187032.05	3.09	8.00	-0.00	15590.53	407.14	-36.15
781.64	80.45	176326.11	3.28	7.00	-0.00	15839.62	481.69	-5.88
782.06	754.05	164116.99	1.96	7.00	-0.00	15262.26	552.85	-43.96
399.17	359.43	154675.49	3.18	5.00	-0.00	13164.99	258.48	-42.00
421.67	313.62	152979.78	3.16	6.00	-0.00	15509.37	335.34	-36.64
373.27	386.01	151335.53	3.96	7.00	-0.00	12505.07	222.02	-45.96
319.98	631.74	147254.93	3.25	6.00	-0.00	15521.88	481.64	-63.14
570.31	712.80	134617.61	3.01	6.00	-0.00	15642.93	670.43	-51.34
51.18	764.12	126361.07	3.23	5.00	-0.00	15721.61	621.31	-86.17
649.02	61.57	121791.44	3.15	4.00	-0.00	15648.56	571.72	-5.42
589.49	597.30	120486.82	3.02	6.00	-0.00	15826.90	617.81	-45.38
574.74	750.03	118484.76	3.15	4.00	-0.00	15699.05	802.15	-52.54
720.79	278.18	117887.22	3.14	4.00	-0.00	15743.80	644.70	-21.10
127.12	490.87	115217.61	1.59	4.00	-0.00	11131.45	260.29	-75.48
115.41	26.83	111644.17	1.83	5.00	-0.00	15467.47	86.28	-13.09
265.13	379.26	111139.58	1.95	6.00	-0.00	15549.14	316.42	-55.04
361.46	352.62	109751.12	1.75	5.00	-0.00	13933.29	214.83	-44.29
725.70	791.98	107024.12	3.07	4.00	-0.00	15736.46	978.51	-47.50
285.65	459.19	105561.64	1.71	7.00	-0.00	14906.49	234.96	-58.12
70.26	405.22	105162.18	3.03	6.00	-0.00	15550.08	308.13	-80.16
326.64	242.61	105100.44	1.87	5.00	-0.00	15479.77	324.07	-36.60
515.42	542.39	102330.11	1.94	5.00	-0.00	15481.28	640.62	-46.46
661.37	497.90	101449.85	1.94	6.00	-0.00	15545.85	625.27	-36.97
520.14	654.61	97618.77	1.93	5.00	-0.00	15673.08	717.66	-51.53
286.25	41.08	96399.33	1.79	8.00	-0.00	15421.16	145.96	-8.17
640.54	695.53	96151.74	1.79	5.00	-0.00	15613.00	935.75	-47.36
433.02	419.92	96070.89	1.82	5.00	-0.00	14189.35	280.00	-44.12
791.45	762.81	94391.67	1.88	5.00	-0.00	15640.00	972.23	-43.94
133.40	222.60	92399.22	1.84	4.00	-0.00	15441.48	247.31	-59.07
377.56	460.16	91639.02	1.74	4.00	-0.00	13933.96	409.90	-50.63
772.22	636.85	90176.83	1.86	6.00	-0.00	15570.97	732.17	-39.51
261.75	797.13	90074.34	1.99	5.00	-0.00	15707.25	725.77	-71.82
131.10	172.21	89290.17	1.89	5.00	-0.00	15832.05	200.25	-52.72
617.97	369.88	86255.61	1.93	3.00	-0.00	15590.36	801.48	-30.90
414.79	379.95	83856.27	3.54	4.00	-0.00	13921.57	346.54	-42.49
79.93	243.49	83075.15	1.80	4.00	-0.00	14919.82	226.60	-71.83
664.65	633.39	80816.95	1.55	7.00	-0.00	14852.20	571.51	-43.62
180.22	540.77	80625.35	1.67	6.00	-0.00	15728.78	444.09	-71.57
734.91	180.88	80575.39	1.82	5.00	-0.00	15709.00	698.79	-13.83
147.31	337.77	80322.15	1.54	7.00	-0.00	10895.66	169.87	-66.44
199.22	443.92	78671.24	1.62	5.00	-0.00	14575.76	377.17	-65.83
361.01	389.88	78263.60	1.68	5.00	-0.00	14557.99	294.43	-47.20
648.38	531.39	77611.05	1.73	5.00	-0.00	14982.58	669.36	-39.34
225.05	402.82	76236.94	1.82	4.00	-0.00	15694.19	500.30	-60.81
484.00	386.01	75298.76	1.59	4.00	-0.00	12211.94	400.93	-38.57
82.35	487.38	73741.94	1.67	5.00	-0.00	14759.39	445.33	-80.41
715.22	411.51	73095.37	1.74	4.00	-0.00	15248.33	836.96	-29.91
369.66	371.44	72744.45	1.89	3.00	-0.00	14905.67	420.06	-45.14
499.94	358.68	72188.85	1.72	3.00	-0.00	13865.00	554.67	-35.66
595.07	675.16	71712.79	1.55	7.00	-0.00	14405.64	558.94	-48.61
47.87	651.56	71224.30	1.70	4.00	-0.00	15691.52	734.24	-85.80
538.57	431.36	71159.23	1.68	4.00	-0.00	15153.24	733.09	-38.69
553.78	534.28	70888.18	1.74	4.00	-0.00	15579.00	835.76	-43.97
462.49	678.75	70245.08	1.67	7.00	-0.00	15500.50	626.06	-55.73
469.11	412.27	70164.65	1.99	4.00	-0.00	11673.07	465.09	-41.31
727.71	131.38	68780.25	1.67	5.00	-0.00	15476.60	622.96	-10.23
476.57	779.55	67705.53	1.69	4.00	-0.00	14770.26	1031.08	-58.56
370.53	41.03	66766.97	1.69	4.00	-0.00	15433.13	393.42	-6.32
663.83	795.02	66403.99	1.67	4.00	-0.00	15780.20	1145.30	-50.14
560.12	428.87	65085.72	1.57	7.00	-0.00	15505.38	357.19	-37.44
678.72	184.62	63992.47	1.64	5.00	-0.00	15564.70	672.59	-15.22
676.70	440.52	63247.94	1.60	5.00	-0.00	15370.33	519.93	-33.06
536.48	397.91	63245.10	1.61	4.00	-0.00	15272.89	674.27	-36.56
618.86	26.99	62605.71	1.70	4.00	-0.00	14797.56	619.37	-2.50
150.10	601.74	62046.81	1.60	6.00	-0.00	15396.02	454.16	-75.99
313.51	420.49	61861.31	1.70	4.00	-0.00	10559.44	380.43	-53.29
549.67	339.31	61319.91	1.62	4.00	-0.00	15150.51	665.98	-31.69
121.43	788.21	60387.05	1.53	7.00	-0.00	14521.31	443.32	-81.24
475.99	770.21	60159.25	1.63	4.00	-0.00	15472.65	1010.89	-58.28
186.15	393.30	59562.53	1.55	5.00	-0.00	15713.20	424.15	-64.67
79.28	577.09	59351.41	1.63	3.00	-0.00	15061.08	742.28	-82.18
681.59	213.80	58566.46	1.59	4.00	-0.00	15480.30	772.18	-17.42
352.33	67.84	58243.30	1.58	4.00	-0.00	15075.97	370.85	-10.90
363.62	404.10	58216.19	1.98	4.00	-0.00	15122.82	391.18	-48.02
654.60	207.41	58077.08	1.61	4.00	-0.00	14536.79	766.89	-17.58
197.54	675.54	57863.33	1.60	5.00	-0.00	14300.38	759.23	-73.70
689.97	173.03	56772.61	1.63	4.00	-0.00	15831.80	847.72	-14.08
275.69	127.50	56082.88	1.58	6.00	-0.00	15419.58	255.89	-24.82
745.94	59.65	55988.33	1.59	4.00	-0.00	15583.31	775.90	-4.57
298.58	302.02	55839.72	1.60	4.00	-0.00	15140.01	498.27	-45.33
731.46	4.68	55558.97	1.51	5.00	-0.00	14439.55	527.03	-0.37
457.66	74.97	54666.45	1.60	4.00	-0.00	15697.83	532.64	-9.30
737.90	149.71	53527.14	1.57	4.00	-0.00	15443.92	759.84	-11.47
355.09	401.32	53498.12	1.57	5.00	-0.00	11962.34	346.24	-48.50
748.78	464.26	52841.15	1.57	4.00	-0.00	15255.78	949.73	-31.80
742.01	204.23	51952.56	1.57	4.00	-0.00	15239.62	939.27	-15.39
174.55	600.69	51720.58	1.55	5.00	-0.00	14034.54	575.42	-73.80
98.15	422.93	51598.09	1.56	3.00	-0.00	15610.36	550.89	-76.93
378.87	78.96	51592.68	1.55	5.00	-0.00	15362.85	351.38	-11.77
619.06	111.25	51539.99	1.55	4.00	-0.00	15410.58	676.30	-10.19
732.93	264.62	51468.33	1.57	4.00	-0.00	15215.46	952.07	-19.85
115.68	538.03	51304.27	1.46	5.00	-0.00	14881.88	388.79	-77.87
613.39	715.86	49818.82	1.54	4.00	-0.00	15035.48	1043.45	-49.41
528.86	59.08	49281.44	1.54	4.00	-0.00	15501.19	640.47	-6.37
693.08	352.44	49279.43	1.55	4.00	-0.00	14644.04	838.42	-26.95
448.27	318.85	48952.79	1.48	4.00	-0.00	10929.86	436.16	-35.42
500.60	388.36	48757.98	1.50	5.00	-0.00	12363.94	427.49	-37.80
374.79	350.03	48574.66	1.65	3.00	-0.00	11496.69	420.51	-43.04
62.31	561.05	48506.94	1.54	4.00	-0.00	14878.64	630.78	-83.66
301.62	365.12	47838.39	1.56	4.00	-0.00	15045.48	611.61	-50.44
381.92	150.27	47494.54	1.54	6.00	-0.00	14777.33	318.60	-21.48
381.56	43.07	47107.47	1.50	5.00	-0.00	14309.34	314.89	-6.44
158.12	134.88	46681.12	1.51	4.00	-0.00	15346.31	213.49	-40.46
243.71	734.74	46304.83	1.52	5.00	-0.00	15106.26	722.03	-71.65
670.36	489.49	45985.63	1.52	4.00	-0.00	13933.71	1079.46	-36.14
267.40	433.36	45264.24	1.54	4.00	-0.00	14067.21	551.10	-58.32
672.81	200.78	45200.79	1.53	3.00	-0.00	15281.41	999.75	-16.62
395.66	416.88	45178.15	3.53	4.00	-0.00	14914.34	458.96	-46.50
371.55	121.10	45160.18	1.54	4.00	-0.00	14528.12	442.34	-18.05
783.84	8.70	44988.56	1.50	5.00	-0.00	14619.95	638.84	-0.64
170.54	11.44	44913.49	1.53	3.00	-0.00	14102.02	209.48	-3.84
615.55	117.61	44751.19	1.53	4.00	-0.00	14186.82	741.68	-10.82
397.75	596.84	44411.12	1.31	4.00	-0.00	8629.50	475.39	-56.32
437.61	471.11	44351.87	1.41	4.00	-0.00	8790.45	424.62	-47.11
158.58	712.07	43408.88	1.52	4.00	-0.00	14557.24	960.60	-77.45
605.96	765.18	43276.28	1.52	3.00	-0.00	15495.68	1536.91	-51.62
535.03	546.99	43268.28	1.52	4.00	-0.00	15488.69	949.24	-45.63
442.13	416.63	43262.90	1.76	3.00	-0.00	15126.65	664.53	-43.30
420.76	324.40	43197.06	1.50	4.00	-0.00	9277.10	334.97	-37.63
354.85	771.15	42794.48	1.48	4.00	-0.00	15152.79	926.83	-65.29
598.58	196.44	42643.72	1.51	4.00	-0.00	12730.39	670.61	-18.17
717.62	15.03	42508.13	1.42	5.00	-0.00	11779.33	490.28	-1.20
658.32	292.12	42501.75	1.53	3.00	-0.00	15182.52	998.94	-23.93
304.18	112.37	42450.78	1.52	3.00	-0.00	14794.89	405.31	-20.28
526.68	236.90	42430.25	1.49	5.00	-0.00	14797.16	539.24	-24.22
502.25	479.81	42222.26	1.48	6.00	-0.00	12090.81	404.35	-43.69
335.85	337.95	41191.23	1.51	4.00	-0.00	15289.21	618.49	-45.18
354.66	360.46	40711.63	1.53	4.00	-0.00	10272.74	350.26	-45.46
449.74	502.04	39421.99	1.52	3.00	-0.00	15651.89	1007.04	-48.15
127.44	689.76	39372.40	1.45	4.00	-0.00	12774.88	807.54	-79.53
434.87	340.67	39285.55	1.61	3.00	-0.00	14883.85	557.97	-38.07
644.66	51.11	38807.10	1.50	3.00	-0.00	15282.68	865.71	-4.53
150.19	723.89	38759.39	1.47	4.00	-0.00	14812.82	812.67	-78.28
482.97	346.55	38589.56	1.55	3.00	-0.00	15261.08	759.90	-35.66
37.16	561.95	38366.88	1.45	6.00	-0.00	15040.93	426.08	-86.22
213.18	654.20	38257.41	1.49	3.00	-0.00	15016.43	960.02	-71.95
718.74	191.21	38213.07	1.46	4.00	-0.00	15096.97	746.82	-14.90
443.98	370.07	37857.10	1.73	4.00	-0.00	11057.21	332.61	-39.81
698.52	153.90	37735.19	1.49	3.00	-0.00	14092.21	960.75	-12.42
723.66	244.01	37588.49	1.46	4.00	-0.00	14098.02	860.20	-18.63
581.44	567.05	37486.86	1.48	3.00	-0.00	14237.59	1196.44	-44.28
364.73	170.16	37068.49	1.46	5.00	-0.00	14313.06	367.91	-25.01
505.88	714.15	36716.32	1.46	4.00	-0.00	15196.14	996.66	-54.69
253.63	38.82	36636.77	1.48	3.00	-0.00	14722.22	373.97	-8.70
535.64	623.40	36543.30	1.48	3.00	-0.00	12449.91	1187.19	-49.33
720.65	167.97	36298.93	1.46	3.00	-0.00	14672.48	973.06	-13.12
46.32	54.72	36155.22	1.49	3.00	-0.00	14465.35	107.94	-49.75
379.91	328.81	36063.84	1.51	4.00	-0.00	14485.75	541.92	-40.88
249.27	188.15	35886.85	1.48	3.00	-0.00	14854.30	467.05	-37.05
38.79	537.20	35607.47	1.46	3.00	-0.00	14846.08	752.53	-85.87
605.39	399.03	35467.45	1.47	3.00	-0.00	14428.12	1000.28	-33.39
33.38	410.03	35340.29	1.46	3.00	-0.00	14212.15	615.16	-85.35
736.17	506.85	35235.07	1.35	5.00	-0.00	10736.32	563.63	-34.55
485.90	634.80	35166.73	1.46	4.00	-0.00	15078.87	973.09	-52.57
39.35	417.22	35120.03	1.45	3.00	-0.00	12739.60	606.81	-84.61
417.82	242.70	34824.48	1.48	3.00	-0.00	14068.88	738.17	-30.15
565.76	158.91	34791.42	1.47	3.00	-0.00	15282.53	853.80	-15.69
167.41	48.94	34775.20	1.47	4.00	-0.00	12827.29	203.54	-16.30
275.79	464.17	34708.98	1.48	4.00	-0.00	14912.28	762.91	-59.28
482.13	80.33	34662.61	1.47	3.00	-0.00	14682.43	710.63	-9.46
768.58	280.76	34635.16	1.46	3.00	-0.00	14197.69	1242.80	-20.07
220.81	512.80	34524.06	1.39	6.00	-0.00	12795.77	293.03	-66.70
480.01	308.40	34519.78	1.47	4.00	-0.00	14051.66	709.90	-32.72
527.13	733.71	34513.84	1.38	7.00	-0.00	12988.19	436.24	-54.30
330.66	387.01	34411.25	1.23	4.00	-0.00	7709.73	301.03	-49.49
6.44	664.37	34203.12	1.45	4.00	-0.00	11460.43	786.16	-89.44
370.72	175.18	34074.00	1.47	3.00	-0.00	14923.72	608.61	-25.29
159.97	787.79	33956.02	1.44	4.00	-0.00	14498.96	882.73	-78.52
719.86	469.36	33864.28	1.44	4.00	-0.00	13645.82	873.28	-33.10
690.08	54.16	33826.08	1.45	4.00	-0.00	15191.89	681.79	-4.49
318.54	623.17	33736.53	1.46	3.00	-0.00	13402.74	1021.93	-62.93
0.48	322.29	33504.48	1.61	3.00	-0.00	12757.68	595.30	-89.91
722.97	98.67	33210.90	1.44	4.00	-0.00	12851.49	739.07	-7.77
91.77	17.10	33183.92	1.46	3.00	-0.00	15064.84	150.82	-10.55
727.40	59.36	32659.08	1.46	3.00	-0.00	12348.98	1040.55	-4.67
708.31	267.71	32597.31	1.43	3.00	-0.00	12800.60	866.91	-20.70
672.22	106.42	32549.24	1.45	4.00	-0.00	12829.19	897.57	-9.00
765.43	746.68	32384.12	1.34	3.00	-0.00	9009.12	1120.31	-44.29
452.92	435.86	32280.69	1.46	4.00	-0.00	12560.15	500.16	-43.90
82.21	212.63	32224.32	1.39	5.00	-0.00	11406.92	177.20	-68.86
160.31	25.45	32223.25	1.45	3.00	-0.00	13261.45	237.03	-9.02
721.41	356.21	32180.25	1.44	3.00	-0.00	12524.62	1107.78	-26.28
685.28	350.60	32172.89	1.43	4.00	-0.00	12225.60	880.96	-27.10
370.20	545.97	32121.91	1.44	4.00	-0.00	14560.64	783.20	-55.86
74.75	698.30	31998.00	1.43	4.00	-0.00	14049.11	842.61	-83.89
674.69	499.80	31943.57	1.45	4.00	-0.00	14014.45	1206.29	-36.53
455.25	88.65	31766.63	1.44	4.00	-0.00	13715.60	575.31	-11.02
130.66	699.21	31745.71	1.42	4.00	-0.00	13920.69	680.71	-79.42
236.72	756.05	31638.71	1.36	5.00	-0.00	9791.34	618.90	-72.61
591.57	121.21	31613.31	1.45	3.00	-0.00	13539.07	835.48	-11.58
164.08	753.73	31607.04	1.44	3.00	-0.00	14440.99	1097.92	-77.72
783.17	292.25	31588.27	1.44	4.00	-0.00	14503.37	1053.19	-20.46
140.28	480.62	31575.43	1.44	3.00	-0.00	12555.96	686.07	-73.73
291.38	124.22	31291.57	1.45	3.00	-0.00	13678.51	451.63	-23.09
517.71	660.59	31134.84	1.45	3.00	-0.00	12788.76	1312.39	-51.91
402.45	187.96	31103.23	1.45	3.00	-0.00	12966.50	654.29	-25.03
41.72	331.30	30985.06	1.42	4.00	-0.00	14103.67	370.34	-82.82
361.84	450.56	30907.86	1.35	4.00	-0.00	8089.15	423.70	-51.23
763.54	427.57	30690.02	1.43	4.00	-0.00	11677.96	1201.47	-29.25
544.65	7.44	30606.50	1.43	4.00	-0.00	11285.18	627.91	-0.78
328.74	616.97	30571.67	1.44	3.00	-0.00	14803.21	989.16	-61.95
355.78	471.26	30551.76	1.46	3.00	-0.00	14084.80	921.52	-52.95
682.73	75.37	30496.59	1.44	3.00	-0.00	12940.15	913.94	-6.30
438.90	5.24	30495.29	1.44	3.00	-0.00	14441.87	584.39	-0.68
451.16	767.15	30380.60	1.44	3.00	-0.00	14744.42	1449.61	-59.54
451.06	241.39	30249.62	1.43	4.00	-0.00	12810.67	621.42	-28.15
109.64	611.82	30137.98	1.42	3.00	-0.00	12717.92	855.13	-79.84
567.00	212.20	30043.54	1.44	3.00	-0.00	14856.53	870.10	-20.52
288.34	521.10	30013.29	1.31	6.00	-0.00	9689.39	317.65	-61.04
437.59	448.37	29908.66	1.42	3.00	-0.00	9651.88	607.59	-45.70
279.33	791.16	29843.46	1.38	6.00	-0.00	11020.20	652.79	-70.55
206.32	670.80	29662.44	1.43	3.00	-0.00	13542.85	1184.99	-72.90
13.87	385.02	29511.93	1.44	3.00	-0.00	15218.21	632.53	-87.94
422.67	514.14	29488.40	1.37	5.00	-0.00	12038.73	475.89	-50.58
793.26	579.62	29129.47	1.34	6.00	-0.00	10851.32	600.54	-36.16
166.00	291.10	29071.36	1.44	3.00	-0.00	15037.36	542.96	-60.31
717.04	746.31	28971.27	1.28	5.00	-0.00	8639.99	703.79	-46.15
358.06	369.20	28899.23	1.54	4.00	-0.00	11584.72	442.24	-45.88
600.81	653.60	28852.59	1.42	3.00	-0.00	13481.81	1453.18	-47.41
141.93	254.56	28752.30	1.41	4.00	-0.00	13306.31	365.71	-60.86
262.19	527.19	28665.87	1.42	3.00	-0.00	14091.11	929.02	-63.56
690.92	227.13	28547.11	1.43	3.00	-0.00	14759.00	1164.30	-18.20
469.65	373.23	28494.00	1.44	4.00	-0.00	12815.27	601.36	-38.47
797.84	208.30	28376.42	1.48	4.00	-0.00	14500.81	988.10	-14.63
501.15	112.41	28302.16	1.42	3.00	-0.00	12798.95	699.31	-12.64
558.21	336.46	28111.40	1.42	3.00	-0.00	11596.76	948.97	-31.08
253.18	622.91	27963.78	1.41	3.00	-0.00	13912.72	935.19	-67.88
789.92	462.32	27932.92	1.43	4.00	-0.00	14053.53	1195.60	-30.34
127.82	308.91	27903.58	1.41	4.00	-0.00	14031.67	332.21	-67.52
316.06	65.06	27780.66	1.43	4.00	-0.00	14067.67	487.09	-11.63
786.36	418.98	27738.13	1.43	3.00	-0.00	13754.40	1567.58	-28.05
545.11	465.03	27613.54	1.34	5.00	-0.00	11077.97	478.23	-40.47
475.80	461.18	27588.94	1.31	5.00	-0.00	9227.33	392.31	-44.11
114.53	729.26	27449.39	1.39	4.00	-0.00	11537.94	907.47	-81.07
577.02	494.66	27335.51	1.26	7.00	-0.00	8761.06	350.93	-40.61
377.73	315.04	27268.29	1.40	5.00	-0.00	11749.87	404.19	-39.83
361.19	212.19	27241.56	1.41	3.00	-0.00	13251.68	506.63	-30.43
359.20	571.23	26998.47	1.42	4.00	-0.00	13768.80	776.76	-57.84
444.97	557.37	26995.43	1.42	3.00	-0.00	13385.00	961.74	-51.40
309.29	432.84	26830.07	1.11	4.00	-0.00	7064.31	340.32	-54.45
122.41	106.80	26818.72	1.41	4.00	-0.00	11970.60	208.32	-41.10
463.25	738.79	26799.47	1.41	3.00	-0.00	14442.06	1147.11	-57.91
125.04	352.23	26779.95	1.41	5.00	-0.00	13925.69	341.59	-70.46
155.70	66.60	26585.23	1.42	3.00	-0.00	11672.76	265.96	-23.16
485.34	291.07	26549.26	1.42	3.00	-0.00	13187.19	862.07	-30.95
168.82	120.36	26525.86	1.36	4.00	-0.00	9658.29	204.11	-35.49
483.05	795.69	26309.92	1.40	4.00	-0.00	13414.93	1136.56	-58.74
236.47	538.45	26147.55	1.38	3.00	-0.00	10219.95	981.47	-66.29
441.01	428.05	26039.22	1.54	4.00	-0.00	10425.89	479.96	-44.15
272.63	681.33	26000.90	1.40	3.00	-0.00	12047.71	1256.71	-68.19
472.91	582.05	25958.62	1.40	4.00	-0.00	14256.72	766.13	-50.91
569.84	123.89	25898.91	1.41	3.00	-0.00	14054.36	853.74	-12.27
779.08	640.29	25853.14	1.41	3.00	-0.00	13713.78	1737.81	-39.42
714.13	695.63	25812.17	1.40	3.00	-0.00	12956.52	1476.33	-44.25
363.89	653.85	25750.80	1.39	4.00	-0.00	13609.08	823.08	-60.90
283.70	116.25	25744.67	1.34	5.00	-0.00	10160.87	220.12	-22.28
502.98	211.87	25592.06	1.39	4.00	-0.00	13507.63	581.59	-22.84
157.29	265.29	25430.45	1.39	4.00	-0.00	11719.55	400.14	-59.34
614.96	479.20	25390.52	1.39	4.00	-0.00	13771.81	854.91	-37.93
52.72	580.74	25350.62	1.37	3.00	-0.00	11439.81	760.75	-84.81
577.11	514.68	25269.06	1.40	3.00	-0.00	13099.57	1155.04	-41.73
514.10	16.28	25239.38	1.35	4.00	-0.00	10547.68	463.85	-1.81
552.11	68.36	25173.08	1.42	3.00	-0.00	13033.33	978.04	-7.06
677.12	687.35	25114.73	1.32	5.00	-0.00	10478.27	601.12	-45.43
84.03	61.54	24901.32	1.39	3.00	-0.00	12588.95	136.08	-36.22
78.92	92.36	24837.81	1.42	3.00	-0.00	13957.93	214.19	-49.48
136.30	200.66	24836.35	1.39	3.00	-0.00	11951.72	332.15	-55.81
142.08	383.07	24833.90	1.40	3.00	-0.00	14121.54	520.02	-69.65
433.95	11.26	24546.45	1.35	4.00	-0.00	11223.31	393.95	-1.49
334.18	478.34	24475.67	1.35	4.00	-0.00	9942.92	547.93	-55.06
376.80	157.73	24438.16	1.25	5.00	-0.00	8511.04	257.10	-22.71
463.99	507.83	24429.51	1.24	4.00	-0.00	7882.99	534.65	-47.58
430.37	207.31	24427.39	1.37	3.00	-0.00	10725.13	650.95	-25.72
710.65	731.11	24353.36	1.39	3.00	-0.00	13087.17	1340.02	-45.81
98.71	130.56	24337.50	1.37	4.00	-0.00	10912.08	161.21	-52.91
730.91	341.44	24253.83	1.39	4.00	-0.00	12271.44	1136.59	-25.04
345.85	434.59	24247.94	1.44	3.00	-0.00	11942.58	740.39	-51.49
48.64	719.29	24221.81	1.39	3.00	-0.00	12630.21	1263.87	-86.13
663.35	786.04	24109.63	1.39	3.00	-0.00	13117.69	1642.83	-49.84
3.18	356.75	24003.13	1.38	4.00	-0.00	13158.71	363.31	-89.49
671.17	307.79	23972.66	1.38	4.00	-0.00	12801.90	827.71	-24.64
234.01	545.27	23915.15	1.38	4.00	-0.00	12657.27	695.93	-66.77
647.94	102.34	23911.38	1.38	3.00	-0.00	12846.59	782.88	-8.98
8.86	369.41	23887.48	1.37	4.00	-0.00	12130.76	428.14	-88.63
35.46	648.68	23864.52	1.38	3.00	-0.00	11280.14	1190.08	-86.87
570.00	488.04	23854.12	1.40	3.00	-0.00	14515.18	1199.36	-40.57
745.94	662.29	23852.51	1.37	4.00	-0.00	12287.04	983.31	-41.60
156.07	81.30	23834.69	1.36	5.00	-0.00	12909.04	117.20	-27.51
199.94	474.69	23622.78	1.31	7.00	-0.00	10039.27	311.16	-67.16
448.29	255.18	23587.55	1.35	4.00	-0.00	11227.29	523.40	-29.65
465.63	319.18	23550.32	1.40	3.00	-0.00	12760.31	633.32	-34.43
666.50	427.24	23503.05	1.35	3.00	-0.00	10304.37	1139.75	-32.66
87.70	155.95	23401.64	1.39	4.00	-0.00	11986.74	239.15	-60.65
281.56	560.52	23358.98	1.35	4.00	-0.00	10066.22	827.03	-63.33
684.39	131.55	23270.65	1.31	5.00	-0.00	9624.79	513.50	-10.88
514.50	360.96	23144.62	1.37	5.00	-0.00	11856.32	586.23	-35.05
579.45	749.05	23127.44	1.37	3.00	-0.00	11105.14	1197.92	-52.28
557.47	270.02	23038.11	1.33	5.00	-0.00	10589.86	559.95	-25.84
649.50	164.63	22987.12	1.35	3.00	-0.00	9797.88	1006.77	-14.22
513.22	70.96	22817.25	1.28	5.00	-0.00	9190.79	299.20	-7.87
482.21	255.76	22786.35	1.36	4.00	-0.00	11564.93	602.65	-27.94
301.10	256.61	22782.98	1.39	3.00	-0.00	11810.66	624.24	-40.44
479.21	547.96	22764.74	1.36	5.00	-0.00	12405.40	529.96	-48.83
86.81	24.64	22711.28	1.38	3.00	-0.00	11807.07	132.34	-15.85
7.98	596.54	22653.29	1.31	6.00	-0.00	10863.36	297.97	-89.23
590.95	177.01	22529.65	1.40	3.00	-0.00	14362.76	870.84	-16.67
429.17	343.52	22344.75	1.56	3.00	-0.00	11798.13	526.02	-38.67
777.63	145.12	22337.84	1.28	5.00	-0.00	9071.29	529.95	-10.57
449.42	417.00	22073.73	1.53	3.00	-0.00	13242.92	835.83	-42.86
506.97	488.02	22027.29	1.37	3.00	-0.00	13175.06	797.51	-43.91
230.00	431.74	21947.75	1.27	4.00	-0.00	8623.53	444.41	-61.95
733.31	740.06	21942.84	1.15	4.00	-0.00	7503.93	726.59	-45.26
431.29	714.81	21901.70	1.39	3.00	-0.00	13331.27	1450.93	-58.89
443.75	407.39	21901.44	1.60	4.00	-0.00	10799.51	460.55	-42.55
217.75	621.92	21883.51	1.37	4.00	-0.00	12955.86	686.84	-70.70
193.14	559.89	21766.71	1.39	3.00	-0.00	14195.88	859.63	-70.97
156.66	562.96	21720.51	1.35	4.00	-0.00	11372.92	591.14	-74.45
674.78	658.17	21716.24	1.37	3.00	-0.00	12422.90	1321.62	-44.29
794.62	257.77	21673.14	1.32	3.00	-0.00	9511.69	1060.72	-17.97
737.21	24.75	21604.63	1.38	3.00	-0.00	12506.67	1278.88	-1.92
498.97	788.57	21593.15	1.35	3.00	-0.00	11103.30	1341.37	-57.68
783.15	658.75	21562.95	1.37	4.00	-0.00	12932.73	1425.82	-40.07
282.40	306.05	21529.99	1.22	3.00	-0.00	7826.19	424.57	-47.30
792.30	704.30	21476.23	1.36	4.00	-0.00	10951.07	1451.12	-41.63
498.59	237.56	21406.34	1.32	3.00	-0.00	9253.09	940.40	-25.48
777.92	553.77	21377.48	1.31	4.00	-0.00	9638.87	959.05	-35.45
21.74	591.16	21320.13	1.38	3.00	-0.00	13093.33	953.28	-87.89
470.86	169.10	21132.33	1.38	4.00	-0.00	13100.08	599.12	-19.76
129.90	358.06	21121.58	1.39	3.00	-0.00	14204.04	714.01	-70.06
292.94	402.90	21109.14	1.39	4.00	-0.00	13818.82	643.29	-53.98
429.56	594.89	21071.17	1.34	3.00	-0.00	10568.31	921.40	-54.17
235.20	31.70	20843.10	1.35	3.00	-0.00	10355.72	301.92	-7.68
206.34	677.94	20593.60	1.34	5.00	-0.00	12318.54	483.18	-73.07
314.37	487.10	20548.73	1.18	5.00	-0.00	7681.04	322.92	-57.16
199.79	455.73	20548.50	1.20	7.00	-0.00	8351.67	215.67	-66.33
151.78	323.07	20518.63	1.35	4.00	-0.00	12004.30	364.68	-64.84
201.06	702.17	20508.83	1.34	4.00	-0.00	12067.90	656.57	-74.02
748.04	763.19	20475.64	1.35	4.00	-0.00	12622.26	1047.83	-45.57
729.75	700.36	20452.23	1.34	3.00	-0.00	10930.54	1631.56	-43.82
410.18	168.70	20449.21	1.26	5.00	-0.00	9076.35	260.14	-22.36
797.71	99.68	20375.31	1.42	3.00	-0.00	12726.55	1591.14	-7.12
149.82	14.06	20273.62	1.32	3.00	-0.00	10113.62	170.55	-5.36
207.30	277.24	20229.67	1.33	4.00	-0.00	10634.21	399.43	-53.21
375.03	306.86	20091.01	1.38	4.00	-0.00	13513.06	642.76	-39.29
593.98	82.73	20052.15	1.28	4.00	-0.00	9253.53	532.34	-7.93
467.34	694.79	19957.73	1.35	3.00	-0.00	11599.85	1207.62	-56.07
275.28	433.71	19950.69	1.37	3.00	-0.00	12170.66	736.37	-57.60
195.52	709.82	19870.76	1.29	4.00	-0.00	9906.07	695.52	-74.60
557.74	363.19	19717.66	1.38	3.00	-0.00	13234.09	1159.79	-33.07
11.18	682.03	19685.02	1.37	3.00	-0.00	13092.92	1102.20	-89.06
41.45	649.95	19663.68	1.36	3.00	-0.00	11489.13	1257.75	-86.35
51.88	730.75	19656.95	1.37	3.00	-0.00	13188.01	1239.59	-85.94
444.67	694.66	19603.58	1.33	3.00	-0.00	10193.07	1364.88	-57.38
349.05	723.15	19578.55	1.30	4.00	-0.00	10155.52	699.18	-64.23
331.89	357.11	19570.17	1.40	4.00	-0.00	13918.04	736.02	-47.10
687.68	34.69	19560.86	1.35	3.00	-0.00	10820.35	1059.26	-2.89
157.98	660.31	19449.20	1.36	4.00	-0.00	12397.90	846.10	-76.55
470.93	192.05	19371.94	1.34	4.00	-0.00	11469.81	498.04	-22.19
100.70	118.07	19315.59	1.30	4.00	-0.00	9616.20	146.50	-49.54
82.60	274.59	19313.86	1.20	4.00	-0.00	7842.35	315.87	-73.26
329.05	787.27	19204.44	1.28	3.00	-0.00	9488.90	1194.27	-67.32
577.86	441.30	19099.43	1.33	3.00	-0.00	10513.47	984.29	-37.37
129.05	327.69	19089.39	1.30	5.00	-0.00	10204.44	228.63	-68.50
125.92	118.03	19086.63	1.13	5.00	-0.00	7379.68	107.21	-43.15
314.74	400.79	19066.44	1.39	3.00	-0.00	12262.00	794.15	-51.86
377.49	338.25	18973.36	1.41	4.00	-0.00	11722.31	557.79	-41.86
90.95	321.79	18922.76	1.09	4.00	-0.00	7046.11	258.27	-74.22
443.84	784.03	18830.54	1.29	4.00	-0.00	9790.11	800.18	-60.49
20.36	584.24	18808.28	1.27	3.00	-0.00	9175.62	661.41	-88.00
747.13	509.00	18765.57	1.30	5.00	-0.00	10532.53	771.53	-34.27
728.68	796.92	18739.12	1.37	3.00	-0.00	12645.51	2044.15	-47.56
694.64	206.71	18727.64	1.29	4.00	-0.00	9476.11	806.00	-16.57
387.71	567.34	18583.71	1.19	4.00	-0.00	7785.87	678.05	-55.65
658.31	727.43	18581.21	1.28	5.00	-0.00	9599.91	809.29	-47.86
99.98	720.78	18494.12	1.35	4.00	-0.00	12980.04	785.03	-82.10
100.69	249.02	18033.57	1.37	3.00	-0.00	12720.40	414.29	-67.98
564.76	724.60	17988.79	1.33	3.00	-0.00	10694.18	1721.28	-52.07
485.85	8.18	17919.81	1.12	4.00	-0.00	7421.70	370.36	-0.96
448.32	282.41	17906.31	1.29	3.00	-0.00	8993.71	854.47	-32.21
721.76	454.36	17895.04	1.27	3.00	-0.00	9068.97	1107.48	-32.19
623.12	785.24	17869.87	1.36	3.00	-0.00	12829.05	1934.00	-51.57
638.05	386.15	17803.44	1.35	3.00	-0.00	12351.17	1254.43	-31.18
242.46	28.65	17782.14	1.18	3.00	-0.00	7689.24	303.65	-6.74
367.63	275.09	17700.03	1.34	3.00	-0.00	10883.60	742.68	-36.81
167.18	464.83	17607.60	1.28	4.00	-0.00	9954.55	386.14	-70.22
255.34	19.74	17555.23	1.32	3.00	-0.00	10127.53	474.47	-4.42
726.36	735.93	17348.63	1.35	3.00	-0.00	12098.93	2043.51	-45.37
696.20	359.65	17114.74	1.32	3.00	-0.00	10755.17	1279.55	-27.32
438.30	123.77	17000.18	1.25	3.00	-0.00	8886.72	452.72	-15.77
675.43	466.87	16950.32	1.27	3.00	-0.00	9155.47	1172.21	-34.65
731.12	750.15	16903.15	1.35	3.00	-0.00	12337.87	1827.95	-45.74
167.77	333.87	16892.03	1.28	3.00	-0.00	9309.52	433.47	-63.32
85.17	621.68	16855.81	1.30	3.00	-0.00	10187.37	837.55	-82.20
125.89	667.43	16790.81	1.19	3.00	-0.00	8045.83	889.85	-79.32
448.65	354.59	16726.46	1.31	3.00	-0.00	7745.72	453.74	-38.32
479.93	105.65	16721.58	1.29	3.00	-0.00	9864.55	454.52	-12.41
484.70	445.00	16705.22	1.38	3.00	-0.00	12453.70	1361.24	-42.55
180.76	623.03	16701.07	1.34	3.00	-0.00	11844.91	1174.51	-73.82
403.10	518.90	16600.22	1.33	3.00	-0.00	11761.30	774.81	-52.16
165.17	423.13	16482.59	1.34	4.00	-0.00	12593.96	513.60	-68.68
448.01	422.92	16479.07	1.45	3.00	-0.00	10864.39	691.70	-43.35
365.69	91.99	16414.93	1.23	4.00	-0.00	8614.75	377.52	-14.12
248.25	329.18	16399.43	1.34	3.00	-0.00	11534.80	647.74	-52.98
70.15	521.15	16389.38	1.36	3.00	-0.00	13029.63	1118.72	-82.33
615.11	742.61	16324.72	1.21	5.00	-0.00	8588.55	683.32	-50.36
443.97	284.92	16302.87	1.36	3.00	-0.00	13075.09	850.02	-32.69
267.17	766.35	16277.53	1.29	3.00	-0.00	9603.26	1014.79	-70.78
64.03	683.15	16188.62	1.34	3.00	-0.00	12265.48	1002.32	-84.65
457.00	421.29	16179.87	1.40	3.00	-0.00	11542.60	825.86	-42.67
726.41	433.82	16119.50	1.15	6.00	-0.00	7932.95	344.82	-30.85
73.97	494.83	16104.53	1.33	3.00	-0.00	11644.92	586.48	-81.50
761.89	242.01	16013.34	1.34	3.00	-0.00	12503.17	1068.25	-17.62
411.01	123.37	15990.89	1.14	4.00	-0.00	7547.59	309.94	-16.71
170.32	763.55	15846.07	1.18	3.00	-0.00	7843.15	1443.00	-77.43
339.21	103.94	15842.86	1.32	4.00	-0.00	10704.57	426.31	-17.04
635.85	255.72	15770.88	1.31	3.00	-0.00	10523.53	951.10	-21.91
487.80	620.93	15764.94	1.30	4.00	-0.00	10326.97	762.57	-51.85
86.53	119.29	15752.82	1.21	3.00	-0.00	8169.87	191.43	-54.05
729.57	648.80	15714.37	1.20	4.00	-0.00	8291.91	835.68	-41.65
522.12	339.77	15696.90	1.21	4.00	-0.00	8323.00	536.63	-33.05
160.94	182.83	15656.95	1.33	3.00	-0.00	10953.72	373.59	-48.64
758.14	326.97	15520.00	1.31	4.00	-0.00	11695.52	619.59	-23.33
155.88	461.45	15494.73	1.23	3.00	-0.00	8544.24	604.65	-71.33
242.02	106.89	15491.03	1.34	3.00	-0.00	12593.59	343.53	-23.83
725.21	665.26	15378.79	1.20	4.00	-0.00	8335.46	816.81	-42.53
699.20	464.80	15331.09	1.18	4.00	-0.00	7912.28	909.92	-33.61
166.04	453.16	15217.23	1.34	3.00	-0.00	12556.31	647.12	-69.88
668.19	790.68	15216.11	1.26	3.00	-0.00	9253.54	1505.42	-49.80
327.02	205.73	15216.05	1.24	3.00	-0.00	8862.96	446.79	-32.17
744.83	259.83	15202.28	1.29	4.00	-0.00	10480.53	838.22	-19.23
133.77	227.89	15197.91	1.29	3.00	-0.00	9823.80	315.88	-59.59
659.08	753.22	15187.98	1.17	4.00	-0.00	8085.14	772.13	-48.81
777.86	184.28	15183.34	1.32	3.00	-0.00	10974.76	1208.95	-13.33
461.11	155.85	15124.80	1.30	4.00	-0.00	10475.18	486.00	-18.68
539.39	509.45	15097.68	1.11	3.00	-0.00	7201.27	1278.50	-43.37
127.29	693.55	15086.40	1.27	3.00	-0.00	9520.13	1165.57	-79.60
445.31	440.12	15083.15	1.16	4.00	-0.00	7299.00	432.88	-44.66
315.45	596.76	15019.30	1.27	3.00	-0.00	9355.83	1148.82	-62.14
668.71	66.32	14999.24	1.18	4.00	-0.00	7922.79	676.76	-5.66
599.86	590.69	14982.16	1.33	3.00	-0.00	11726.34	1408.54	-44.56
17.71	676.21	14865.40	1.06	5.00	-0.00	6966.03	457.56	-88.50
500.71	431.13	14839.17	1.06	4.00	-0.00	6891.35	694.84	-40.73
539.12	654.87	14838.93	1.24	3.00	-0.00	9095.05	934.66	-50.54
713.07	424.70	14815.68	1.33	3.00	-0.00	11875.08	1319.23	-30.78
403.23	546.36	14633.37	1.21	3.00	-0.00	8280.90	989.96	-53.57
100.84	669.12	14606.17	1.31	3.00	-0.00	10803.12	1115.48	-81.43
560.62	561.13	14568.35	1.01	5.00	-0.00	6673.80	471.52	-45.03
578.45	68.04	14507.82	1.21	3.00	-0.00	8355.81	730.95	-6.71
225.99	446.27	14473.75	1.15	4.00	-0.00	7704.08	382.74	-63.14
504.90	134.92	14473.61	1.31	3.00	-0.00	10957.85	538.37	-14.96
341.35	182.08	14425.74	1.17	3.00	-0.00	7826.25	524.44	-28.08
415.17	176.79	14399.29	1.34	3.00	-0.00	12071.24	726.08	-23.07
797.04	485.41	14303.59	1.19	4.00	-0.00	8177.28	937.73	-31.34
3.36	141.68	14207.94	1.25	3.00	-0.00	8786.33	198.41	-88.64
623.38	39.31	14180.46	1.17	3.00	-0.00	7719.13	948.47	-3.61
215.19	676.12	14146.51	1.31	3.00	-0.00	11280.13	1190.19	-72.35
485.80	454.03	14144.30	1.33	3.00	-0.00	11164.97	821.67	-43.06
47.61	707.61	14097.66	1.02	5.00	-0.00	6722.03	603.53	-86.15
519.15	368.00	14069.09	1.10	3.00	-0.00	7164.95	656.41	-35.33
96.70	80.81	14022.97	1.22	4.00	-0.00	8454.70	145.84	-39.89
672.61	772.28	13986.78	1.19	4.00	-0.00	8123.97	1453.54	-48.95
698.30	249.73	13954.12	1.22	4.00	-0.00	8502.50	1064.63	-19.68
414.39	559.69	13935.71	1.05	4.00	-0.00	6861.37	641.74	-53.48
568.78	207.22	13934.73	1.32	3.00	-0.00	11333.39	848.83	-20.02
277.25	331.28	13799.51	1.02	3.00	-0.00	6742.30	460.90	-50.07
429.06	69.81	13706.33	1.14	4.00	-0.00	7481.55	422.47	-9.24
487.85	529.86	13637.70	1.29	4.00	-0.00	10410.86	706.55	-47.36
533.21	768.77	13616.36	1.19	4.00	-0.00	8131.13	962.45	-55.26
728.19	322.57	13615.37	1.12	3.00	-0.00	7396.30	940.91	-23.89
249.96	681.23	13615.16	1.08	5.00	-0.00	7239.17	366.12	-69.85
677.79	739.89	13534.62	1.26	3.00	-0.00	9592.32	1147.36	-47.51
369.56	767.94	13445.83	1.18	3.00	-0.00	8031.54	1167.21	-64.30
566.17	707.65	13275.40	1.27	3.00	-0.00	9593.92	1563.95	-51.34
156.39	274.23	13262.93	1.06	4.00	-0.00	6974.22	258.96	-60.30
53.59	134.76	13195.30	1.02	3.00	-0.00	6693.93	169.77	-68.31
579.43	539.76	13172.31	1.20	3.00	-0.00	8349.37	1131.57	-42.97
735.73	10.91	13129.74	1.25	4.00	-0.00	9107.08	825.25	-0.85
492.32	61.95	12896.58	1.20	3.00	-0.00	8166.87	608.08	-7.17
150.31	560.27	12787.79	1.07	3.00	-0.00	7001.69	659.68	-74.98
468.17	150.06	12765.52	1.24	4.00	-0.00	9333.37	405.32	-17.77
681.75	771.75	12677.26	1.23	3.00	-0.00	8843.85	1507.37	-48.54
742.83	748.27	12645.02	1.14	4.00	-0.00	7778.61	883.27	-45.21
457.05	703.11	12564.38	1.13	4.00	-0.00	7589.93	749.07	-56.97
441.26	88.76	12556.55	1.24	3.00	-0.00	8906.64	632.46	-11.37
619.02	653.00	12516.37	1.29	3.00	-0.00	10725.78	1191.86	-46.53
777.24	774.45	12464.65	1.18	3.00	-0.00	8090.04	1572.56	-44.90
593.26	407.48	12423.26	1.16	3.00	-0.00	7809.27	900.17	-34.48
338.80	757.74	12410.05	1.24	3.00	-0.00	9202.32	1267.68	-65.91
157.05	284.81	12382.46	1.17	4.00	-0.00	7956.02	332.80	-61.13
748.81	673.74	12261.66	1.15	3.00	-0.00	7647.27	1716.12	-41.98
1.51	570.99	12232.67	1.18	3.00	-0.00	8093.39	1026.68	-89.85
33.50	748.03	12210.33	1.14	3.00	-0.00	7639.30	987.98	-87.44
354.31	457.06	12192.76	1.29	3.00	-0.00	9687.31	1135.29	-52.22
160.79	454.88	12151.40	1.20	3.00	-0.00	8273.57	638.86	-70.53
145.36	395.68	12071.26	1.22	3.00	-0.00	8654.87	522.87	-69.83
305.81	608.51	11939.19	1.09	3.00	-0.00	7178.35	778.79	-63.32
347.32	607.19	11879.89	1.23	4.00	-0.00	9015.25	828.03	-60.23
438.78	455.32	11808.60	1.25	3.00	-0.00	8405.10	1003.17	-46.06
394.64	491.65	11798.64	1.02	3.00	-0.00	6718.87	804.22	-51.25
133.96	195.48	11724.51	1.17	4.00	-0.00	8085.05	198.73	-55.58
696.09	167.69	11457.82	1.22	4.00	-0.00	8680.21	810.22	-13.54
187.86	109.25	11443.06	1.06	4.00	-0.00	6971.14	201.39	-30.18
405.07	298.87	11349.63	1.20	3.00	-0.00	8396.90	504.67	-36.42
760.04	439.75	11289.06	1.12	4.00	-0.00	7532.61	891.53	-30.05
666.21	249.17	11255.42	1.11	3.00	-0.00	7349.81	880.22	-20.51
777.97	382.02	11149.33	1.02	4.00	-0.00	6736.45	637.41	-26.15
343.30	770.14	11057.22	1.11	4.00	-0.00	7385.02	797.17	-65.97
449.05	275.21	11023.87	1.06	3.00	-0.00	6981.06	531.31	-31.50
377.67	584.22	10883.82	1.12	3.00	-0.00	7420.93	872.56	-57.12
507.22	451.27	10831.61	1.21	4.00	-0.00	8598.08	632.01	-41.66
347.42	321.72	10813.99	1.11	3.00	-0.00	7309.58	799.26	-42.80
520.63	619.90	10564.37	1.15	3.00	-0.00	7824.16	1195.06	-49.97
284.87	239.20	10546.09	1.11	3.00	-0.00	7301.64	477.18	-40.02
225.21	326.31	10512.13	1.14	3.00	-0.00	7585.48	650.84	-55.39
415.74	109.03	10419.41	1.20	3.00	-0.00	8321.22	603.89	-14.70
412.73	325.45	10387.31	1.34	4.00	-0.00	9066.61	1005.37	-38.26
705.20	626.99	10349.51	1.25	4.00	-0.00	9596.76	1363.44	-41.64
516.89	747.73	10261.57	1.01	3.00	-0.00	6698.23	1191.12	-55.34
751.99	210.02	10161.33	1.27	3.00	-0.00	10152.82	1066.08	-15.60
203.64	308.53	9965.42	1.04	3.00	-0.00	6837.58	717.79	-56.57
531.10	441.30	9727.35	1.13	4.00	-0.00	7553.02	706.22	-39.72
467.21	385.24	9715.52	1.17	3.00	-0.00	7716.85	784.31	-39.51
738.17	754.24	9631.70	1.19	3.00	-0.00	8345.24	1729.27	-45.62
723.95	401.93	8628.05	1.16	3.00	-0.00	8069.82	1010.37	-29.04
118.30	520.03	8520.31	1.10	3.00	-0.00	7412.83	592.05	-77.18
520.09	313.09	8501.02	1.04	4.00	-0.00	6886.85	556.29	-31.05
159.80	296.01	8482.13	1.09	3.00	-0.00	7235.77	460.77	-61.64
769.10	417.02	6954.98	1.02	3.00	-0.00	6767.71	1052.73	-28.47
